0.11 0
0.21 14480
0.31 15928
0.41 17376
0.51 20272
0.61 21720
0.71 23168
0.81 24616
0.91 26064
1.01 27512
1.11 26064
1.21 26064
1.31 0
1.41 1448
1.51 1448
1.61 1448
1.71 2896
1.81 4344
1.91 5792
2.01 8688
2.11 10136
2.21 11584
2.31 14480
2.41 15928
2.51 17376
2.61 18824
2.71 20272
2.81 21720
2.91 23168
3.01 26064
3.11 39096
3.21 52128
3.31 60816
3.41 72400
3.51 85432
3.61 98464
3.71 110048
3.81 120184
3.91 133216
4.01 144800
4.11 166520
4.21 179552
4.31 186792
4.41 199824
4.51 207064
4.61 220096
4.71 227336
4.81 240368
4.91 247608
5.01 260640
5.11 267880
5.21 280912
5.31 288152
5.41 301184
5.51 308424
5.61 321456
5.71 328696
5.81 341728
5.91 348968
6.01 362000
6.11 369240
6.21 382272
6.31 389512
6.41 402544
6.51 409784
6.61 422816
6.71 430056
6.81 443088
6.91 450328
7.01 463360
7.11 470600
7.21 483632
7.31 490872
7.41 503904
7.51 511144
7.61 524176
7.71 531416
7.81 544448
7.91 551688
8.01 564720
8.11 571960
8.21 584992
8.31 592232
8.41 605264
8.51 612504
8.61 625536
8.71 632776
8.81 645808
8.91 654496
9.01 667528
9.11 682008
9.21 690696
9.31 697936
9.41 705176
9.51 718208
9.61 725448
9.71 738480
9.81 745720
9.91 758752
10.01 765992
10.11 779024
10.21 787712
10.31 800744
10.41 813776
10.51 821016
10.61 834048
10.71 842736
10.81 855768
10.91 868800
11.01 877488
11.11 890520
11.21 903552
11.31 912240
11.41 925272
11.51 938304
11.61 946992
11.71 960024
11.81 973056
11.91 981744
12.01 993328
12.11 1006360
12.21 1019392
12.31 1028080
12.41 1039664
12.51 1052696
12.61 1065728
12.71 1075864
12.81 1086000
12.91 1096136
13.01 1106272
13.11 1117856
13.21 1127992
13.31 1141024
13.41 1152608
13.51 1174328
13.61 1187360
13.71 1194600
13.81 1207632
13.91 1214872
14.01 1227904
14.11 1235144
14.21 1248176
14.31 1255416
14.41 1268448
14.51 1275688
14.61 1288720
14.71 1295960
14.81 1308992
14.91 1316232
15.01 1329264
15.11 1336504
15.21 1349536
15.31 1356776
15.41 1369808
15.51 1377048
15.61 1390080
15.71 1397320
15.81 1410352
15.91 1417592
16.01 1430624
16.11 1437864
16.21 1450896
16.31 1458136
16.41 1471168
16.51 1478408
16.61 1491440
16.71 1498680
16.81 1511712
16.91 1518952
17.01 1531984
17.11 1539224
17.21 1552256
17.31 1559496
17.41 1572528
17.51 1579768
17.61 1592800
17.71 1600040
17.81 1613072
17.91 1620312
18.01 1633344
18.11 1640584
18.21 1653616
18.31 1660856
18.41 1673888
18.51 1681128
18.61 1694160
18.71 1701400
18.81 1714432
18.91 1721672
19.01 1734704
19.11 1741944
19.21 1754976
19.31 1762216
19.41 1775248
19.51 1782488
19.61 1795520
19.71 1802760
19.81 1815792
19.91 1823032
20.01 1836064
20.11 1843304
20.21 1856336
20.31 1863576
20.41 1876608
20.51 1883848
20.61 1896880
20.71 1904120
20.81 1917152
20.91 1924392
21.01 1937424
21.11 1944664
21.21 1957696
21.31 1964936
21.41 1977968
21.51 1985208
21.61 1998240
21.71 2005480
21.81 2018512
21.91 2025752
22.01 2038784
22.11 2046024
22.21 2059056
22.31 2066296
22.41 2079328
22.51 2086568
22.61 2099600
22.71 2106840
22.81 2119872
22.91 2127112
23.01 2140144
23.11 2147384
23.21 2160416
23.31 2167656
23.41 2180688
23.51 2187928
23.61 2200960
23.71 2208200
23.81 2221232
23.91 2228472
24.01 2241504
24.11 2248744
24.21 2261776
24.31 2269016
24.41 2282048
24.51 2289288
24.61 2302320
24.71 2309560
24.81 2322592
24.91 2329832
25.01 2342864
25.11 2350104
25.21 2363136
25.31 2370376
25.41 2383408
25.51 2390648
25.61 2403680
25.71 2410920
25.81 2423952
25.91 2431192
26.01 2444224
26.11 2451464
26.21 2464496
26.31 2471736
26.41 2484768
26.51 2492008
26.61 2505040
26.71 2512280
26.81 2525312
26.91 2532552
27.01 2545584
27.11 2552824
27.21 2565856
27.31 2573096
27.41 2586128
27.51 2593368
27.61 2606400
27.71 2613640
27.81 2626672
27.91 2633912
28.01 2646944
28.11 2654184
28.21 2667216
28.31 2674456
28.41 2687488
28.51 2694728
28.61 2707760
28.71 2715000
28.81 2728032
28.91 2735272
29.01 2748304
29.11 2755544
29.21 2768576
29.31 2775816
